-1
-1
-1
-1
-1
-1
1
-1
-1
-1
-1
-1
-1
2
-1
-1
-1
-1
-1
-1
3
-1
-1
-1
-1
-1
-1
4
-1
-1
1
-1
-1
-1
5
-1
-1
2
-1
-1
-1
6
-1
-1
3
-1
-1
-1
7
-1
-1
4
-1
-1
-1
8
-1
-1
5
-1
-1
2
9
-1
-1
6
-1
-1
3
10
-1
-1
7
-1
-1
4
11
-1
-1
8
-1
-1
5
12
-1
-1
9
-1
-1
6
13
-1
3
10
-1
-1
7
14
-1
4
11
-1
-1
8
15
-1
5
12
-1
-1
9
16
-1
6
13
-1
-1
10
17
-1
7
14
-1
4
11
18
-1
8
15
-1
5
12
19
-1
9
16
-1
6
13
20
-1
10
17
-1
7
14
21
-1
11
18
-1
8
15
22
5
12
19
-1
9
16
23
6
13
20
-1
10
17
24
7
14
21
-1
11
18
25
8
15
22
-1
12
19
26
9
16
23
6
13
20
27
10
17
24
7
14
21
28
11
18
25
8
15
22
29
12
19
26
9
16
23
30
13
20
27
10
17
24
7
14
21
28
11
18
25
8
15
22
29
12
19
26
9
16
23
30
13
20
27
10
17
24
31
14
21
28
11
18
25
8
15
22
29
12
19
26
9
16
23
30
13
20
27
10
17
24
31
14
21
28
11
18
25
32
15
22
29
12
19
26
9
16
23
30
13
20
27
10
17
24
31
14
21
28
11
18
25
32
15
22
29
12
19
26
33
16
23
30
13
20
27
10
17
24
31
14
21
28
11
18
25
32
15
22
29
12
19
26
33
16
23
30
13
20
27
34
17
24
31
14
21
28
11
18
25
32
15
22
29
12
19
26
33
16
23
30
13
20
27
34
17
24
31
14
21
28
1
18
25
32
15
22
29
2
19
26
33
16
23
30
3
20
27
34
17
24
31
4
21
28
35
18
25
32
5
22
29
2
19
26
33
6
23
30
3
20
27
34
7
24
31
4
21
28
35
8
25
32
5
22
29
36
9
26
33
6
23
30
3
10
27
34
7
24
31
4
11
28
35
8
25
32
5
12
29
36
9
26
33
6
13
30
37
10
27
34
7
14
31
4
11
28
35
8
15
32
5
12
29
36
9
16
33
6
13
30
37
10
17
34
7
14
31
38
11
18
35
8
15
32
5
12
19
36
9
16
33
6
13
20
37
10
17
34
7
14
21
38
11
18
35
8
15
22
39
12
19
36
9
16
23
6
13
20
37
10
17
24
7
14
21
38
11
18
25
8
15
22
39
12
19
26
9
16
23
40
13
20
27
10
17
24
7
14
21
28
11
18
25
8
15
22
29
12
19
26
9
16
23
30
13
20
27
10
17
24
31
14
21
28
11
18
25
8
15
22
29
12
19
26
9
16
23
30
13
20
27
10
17
24
31
14
21
28
11
18
25
32
15
22
29
12
19
26
9
16
23
30
13
20
27
10
17
24
31
14
21
28
11
18
25
32
15
22
29
12
19
26
33
16
23
30
13
20
27
10
17
24
31
14
21
28
11
18
25
32
15
22
29
12
19
26
33
16
23
30
13
20
27
34
17
24
31
14
21
28
11
18
25
32
15
22
29
12
19
26
33
16
23
30
13
20
27
34
17
24
31
14
21
28
35
18
25
32
15
22
29
12
19
26
33
16
23
30
13
20
27
34
17
24
31
14
21
28
35
18
25
32
15
22
29
2
19
26
33
16
23
30
3
20
27
34
17
24
31
4
21
28
35
18
25
32
5
22
29
36
19
26
33
6
23
30
3
20
27
34
7
24
31
4
21
28
35
8
25
32
5
22
29
36
9
26
33
6
23
30
37
10
27
34
7
24
31
4
11
28
35
8
25
32
5
12
29
36
9
26
33
6
13
30
37
10
27
34
7
14
31
38
11
28
35
8
15
32
5
12
29
36
9
16
33
6
13
30
37
10
17
34
7
14
31
38
11
18
35
8
15
32
39
12
19
36
9
16
33
6
13
20
37
10
17
34
7
14
21
38
11
18
35
8
15
22
39
12
19
36
9
16
23
40
13
20
37
10
17
24
7
14
21
38
11
18
25
8
15
22
39
12
19
26
9
16
23
40
13
20
27
10
17
24
41
14
21
28
11
18
25
8
15
22
29
12
19
26
9
16
23
30
13
20
27
10
17
24
31
14
21
28
11
18
25
32
15
22
29
12
19
26
9
16
23
30
13
20
27
10
17
24
31
14
21
28
11
18
25
32
15
22
29
12
19
26
33
16
23
30
13
20
27
10
17
24
31
14
21
28
11
18
25
32
15
22
29
12
19
26
33
16
23
30
13
20
